7.618021250146943535e-01
5.942237295748938886e-01
5.741059050088770377e-01
7.325489906230008286e-01
6.978484317620129440e-01
3.635411764523626132e-01
8.214810524588843643e-01
8.070137031221177315e-01
5.061655947735705929e-01
6.593705300156113003e-01
6.741045279424108250e-01
6.391010648735860888e-01
5.174542269231869884e-01
4.992564948092922394e-01
5.961668893512831469e-01
7.759093528889047242e-01
6.815400231891648453e-01
5.444078501870840414e-01
7.157548065972516582e-01
1.727186069054886808e-01
7.723148550558154302e-01
3.390429331832850446e-01
5.456338587895301906e-01
4.320495158060784213e-01
4.057977786418641153e-01
7.741240181067778892e-01
5.298448198032162937e-01
6.519755822596073891e-01
5.929619131681224120e-01
6.715561240834682089e-01
6.115232836590382970e-01
4.075511663717145128e-01
7.494400229170710137e-01
5.259365125258030904e-01
3.665127152010373424e-01
5.357827258551131067e-01
8.251139685951466296e-01
7.275332613170238938e-01
5.477021798388210794e-01
5.476113443522356850e-01
5.517547423173926324e-01
9.115121975341260452e-01
6.572903178347330178e-01
6.645062470786604614e-01
7.545425181047762386e-01
6.358183738539769925e-01
5.611436781268944740e-01
5.705475226372532793e-01
5.892598110878903839e-01
5.944166645235237079e-01
7.091444315455469605e-01
6.077918828710948684e-01
7.098960115823368389e-01
5.878925129837125896e-01
6.117952785474135569e-01
3.002698973201838317e-01
7.374491512053722442e-01
6.519732713846988492e-01
7.497015164789477826e-01
1.655616932709466083e-01
9.132562057171090819e-01
5.790615557767239130e-01
7.662274225106274761e-01
4.440141109311703804e-01
6.919160857593854574e-01
4.419876655239515229e-01
5.064346558956291933e-01
8.871047030800178756e-01
5.713976398854979655e-01
6.326149309769584228e-01
7.305101596033131139e-01
6.743522831958906893e-01
6.225628357715364825e-01
6.547441503699338305e-01
9.605123377857411882e-01
5.913571804449622160e-01
6.301648570072451161e-01
7.575981594011418352e-01
7.658288899436975772e-01
7.780545458340569764e-01
6.958095333043776698e-01
4.285492630904274569e-01
8.450147298451643474e-01
4.280481910471968243e-01
6.453953197858549595e-01
4.868586224970963272e-01
5.903792480110511276e-01
6.493143615455220230e-01
6.482035823175409384e-01
6.632881131352926785e-01
8.420566903587970442e-01
6.680301452270969165e-01
5.633765047064026588e-01
7.446130752432535971e-01
7.784205733386960757e-01
4.158588277294511526e-01
6.896100104774787187e-01
7.051759113466347095e-01
5.553654744960011547e-01
8.063560219967429443e-01
