8.237879465294635217e-01
9.127214467978608248e-01
5.145617376825589728e-01
4.426107609022197908e-01
2.274633971606932759e-01
6.158277923617919702e-01
7.246837611302544557e-01
9.486642374068264827e-01
7.779395322264632817e-01
8.087271929098903689e-01
8.800030299413633683e-01
7.551696669926406535e-01
6.147890917128957522e-01
7.738763976207536643e-01
8.679160898417591641e-01
8.895519652748061779e-01
4.546563640083724489e-01
7.521002293296248364e-01
6.587020147582306473e-01
8.928747217999072339e-01
4.709801609169648184e-01
8.595215831641129789e-01
9.460495428353860037e-01
6.339127972891815954e-01
6.816716793947636965e-01
7.420463828235793757e-01
7.437346133127975545e-01
4.404211137526334863e-01
6.283141747474285665e-01
8.657909394687343108e-01
7.447890683352449415e-01
9.128469628811007874e-01
8.154316368179699293e-01
6.295870656119159081e-01
5.837974712406874822e-01
4.623306702494800469e-01
4.650639236486218131e-01
7.417598757775433205e-01
7.662798576877186685e-01
6.979115301569255303e-01
8.353909830984679319e-01
5.439888868548294898e-01
6.784419814092639278e-01
7.615557181161648481e-01
4.789674184281986213e-01
8.911411648478524405e-01
5.764799908918402105e-01
6.292787328315191386e-01
7.404023155107217757e-01
7.131282383088159982e-01
8.374038070792574340e-01
4.680571784976578220e-01
6.482553056872920605e-01
9.212613413823947939e-01
5.399344408023438735e-01
6.308949588379465512e-01
7.345815525460384077e-01
7.585959233913051047e-01
6.984019329167863166e-01
8.200799380125999294e-01
7.466919287914840497e-01
4.957981536970267888e-01
5.294369199026700556e-01
7.608639347267359687e-01
6.612349464798933374e-01
8.440560429067039960e-01
6.178013492216263280e-01
8.494259927502234575e-01
7.666117392956887100e-01
9.272242073932076556e-01
7.196946347700148294e-01
8.283207400533512121e-01
6.580929764029245232e-01
3.624792588026409801e-01
7.005194947170179098e-01
6.054353008401214264e-01
6.490613894324588351e-01
3.901622316801117707e-01
8.413808302268269701e-01
9.439164797600871903e-01
9.772864016779284624e-01
7.427429537052594455e-01
6.415376888789700027e-01
8.903256863496123996e-01
7.119338209814712881e-01
8.166827556206959216e-01
6.796131143617583081e-01
5.839922017201816251e-01
7.258867314020923667e-01
8.327717226495647829e-01
7.235608329503910863e-01
8.077545578442522078e-01
8.309127513645158114e-01
7.525393575453198647e-01
8.511104523018544477e-01
8.050702949664215735e-01
7.222391896054333182e-01
9.307815432953769896e-01
4.437558075441262462e-01
6.020134558091871924e-01
