3.536766572335658387e-01
2.485580660782392981e-01
4.159590873381713849e-01
1.599675758099919631e-01
5.502830780616322359e-01
1.109452875933980148e-01
5.098966417920570704e-01
1.772703794727445437e-01
1.982904719133444238e-01
3.762367882135499442e-01
5.434668040445325143e-01
8.476376294265022815e-02
3.579287927839608918e-01
2.733207739503824008e-01
1.343761410948502710e-01
3.532548500048075524e-01
1.327901214327579793e-01
3.264343684251680422e-01
1.658104012585459031e-01
2.077342145055910139e-01
2.634084880828478359e-01
3.900143303664891370e-01
1.536454700072753810e-01
3.055023511983206430e-01
2.033138812655959915e-01
1.838768760882306674e-01
3.678240872354807678e-01
2.020967664638769756e-01
1.863395045288194496e-01
2.835202997539891245e-01
1.003993030662121422e-01
2.077293891652340629e-01
3.096377073595141804e-01
4.438580012260340268e-02
1.245792134455452616e-01
2.110033201581862639e-01
3.581887554246955818e-01
6.522422663601020743e-01
1.622660260567806711e-01
6.942429546988559963e-02
7.684808080982100109e-02
1.744335165862888060e-01
5.434537469656784969e-01
6.165391344667322387e-02
2.356865066312641421e-01
3.132941266752032328e-01
1.525833147039861171e-01
3.868863360183782407e-01
4.845897602554896100e-01
9.593877797328495549e-02
3.662241584833629271e-01
2.983728426907024667e-01
2.237663665214278119e-01
1.642916485213647970e-01
4.613858274628866440e-01
9.832146075036968247e-02
1.792475129834170122e-01
3.430187325979972557e-01
2.746698380360602099e-01
4.432945779277497889e-01
1.327244318952246482e-01
4.006430877209991026e-01
3.225960385009868370e-01
2.923618255131976151e-01
1.135769732526367565e-01
3.415589572254627559e-01
1.699958739594175650e-01
8.014732049023443050e-01
1.317706240875745338e-01
1.254996591915020498e-01
3.370138954716538904e-01
3.439862200520178714e-02
1.593775203330940471e-01
2.615158445906097251e-01
2.491194021961276039e-01
6.858692463081450530e-02
4.595064072499054353e-01
5.414781386117564210e-01
2.605960618109315341e-01
6.753590748378505981e-02
4.676883497272681794e-02
1.271314765809510861e-01
3.265987258278121863e-01
1.191248654111389804e-01
1.077670455014623357e-01
3.246010263074086688e-01
2.193544911847561396e-01
3.047922320216946424e-01
4.037300714678410118e-01
1.841289216978105603e-01
2.344736594858819745e-01
1.750687489918439921e-01
2.673316734797696048e-01
2.386997442251370116e-01
3.257956107307604654e-01
4.434878606676831980e-01
3.855671372233748784e-01
9.615258168656670712e-02
2.089847738799713028e-01
1.661962342804483850e-01
2.272148735050511514e-01
4.759204964642726465e-01
1.158847910316493923e-01
1.718540724955220922e-01
2.409358088306848555e-01
1.965854535395116232e-01
1.545074012420307730e-01
3.024753876496196203e-01
2.628503990216565778e-01
1.783854898271363398e-01
7.140336869412171328e-02
3.680479351839821556e-01
1.650023992108502202e-01
6.463769483914986180e-01
5.031230845032986787e-01
4.086469850455971553e-01
3.784719386186746748e-01
4.808171104256128148e-01
4.501527714550122572e-01
3.148546559271867551e-01
3.458306244455384149e-01
5.386521682270735134e-01
3.061721796943814300e-01
1.455881342444250437e-01
4.518857472364912198e-01
3.599374248179245672e-01
6.190643377169208900e-02
2.328545928203029081e-01
1.920824664494293621e-01
5.199092769591174834e-01
2.201943740399156246e-01
1.377202357514125397e-01
4.719712861827230488e-01
1.588460545173127070e-01
5.968947527083951626e-02
3.408156596522683435e-01
3.066486182634088342e-01
2.789555071166883726e-01
3.288097857207583075e-01
4.064901896391388547e-01
3.234596782435212314e-01
1.813428850517404267e-01
1.103444208040290642e-01
6.261134174457316792e-02
3.893738659278770942e-01
2.208119923981546606e-01
1.705774606874289334e-01
6.763603384706810828e-02
2.063693713019656151e-01
3.587901228827754530e-01
3.168999847746529763e-01
1.365637082251592027e-01
2.170837430502517151e-01
1.363792431986000919e-01
6.373493040686784017e-02
5.785716282335199301e-01
1.673754331871321610e-01
4.857505852030210014e-01
2.231288814404552012e-01
3.734488472849538665e-01
3.866075694193058521e-01
2.910392925454743374e-01
3.584957567261278788e-01
3.688485254461000284e-01
4.338558481917234588e-01
5.932432661715326266e-02
1.537383027458395224e-01
6.909271687966830333e-01
4.927096831835293955e-02
1.859158401713941755e-01
2.715695031402612925e-01
3.219105263709601261e-01
4.820942894903152420e-01
3.197062755242560117e-01
4.916099383257624966e-01
1.841729708671041577e-01
2.939224977394532326e-02
4.383244007111607443e-01
2.201991781916555757e-01
1.272898020531446905e-01
5.623099425360221781e-01
1.351692568264888095e-01
1.892652527031718490e-01
2.788522124309327221e-01
2.584988688589334171e-01
1.713624183536283929e-01
3.902904125361202903e-01
1.388409287646581725e-01
4.659217194194351097e-01
6.157519764816631325e-01
3.073799210471541143e-01
3.116610941567272142e-01
1.347012643177102897e-01
7.239031844967966922e-01
1.191002777077864727e-01
2.853857889201115716e-01
5.143096900418669959e-01
1.564897950751699962e-01
2.605575260313472419e-01
1.398135905354235264e-01
