1.627975820598618617e-01
2.614994816270803726e-02
9.232262399838770950e-01
7.152633935229713372e-03
9.675532983670231957e-01
7.450406685495063186e-02
9.488071226537457825e-01
1.781916916800140860e-01
8.361162037472054109e-01
2.992894933611187774e-02
8.560680605245489794e-01
9.728311399840686713e-01
9.209821452253358354e-01
5.242408397750284582e-02
8.160080961718391146e-01
8.443888329408466564e-01
9.730063491917095853e-01
8.932232051347335222e-01
8.647057198957850410e-01
8.527534892518442433e-01
3.250076656682252679e-02
9.840276065393888105e-01
9.824497305809236636e-01
1.569533883593483559e-01
9.557461625354999324e-01
9.682959971133391353e-01
8.064316009821910214e-01
8.893825165027537949e-01
1.936563845538958883e-01
5.071873934360458108e-02
6.078815632983290002e-02
9.381943080111783129e-01
1.747351711797053841e-01
8.913665372795191999e-01
1.966187355312644380e-01
8.200663597050169562e-01
9.470176791797025873e-01
1.608821635433874686e-01
3.056643760124984344e-02
1.648579759630432462e-01
7.735339741258558111e-02
8.613369422344687720e-01
8.070142695732571703e-01
1.038771765402866643e-01
8.435934114540687423e-01
8.558697273100133174e-01
9.123143031944142001e-01
8.328605888779977429e-02
1.421980052381977000e-02
8.323151304574534226e-01
8.489350899161322017e-01
1.350852546828584522e-01
8.532944830553340632e-02
9.697897416084122479e-02
5.974389966937676544e-02
6.801385281505585578e-02
7.116073451928472959e-02
1.646828395732355954e-01
1.566628079526753009e-02
1.129759044453475803e-01
1.532760098159346995e-02
6.443901105347107916e-02
9.238801820179266544e-01
5.820574483920429310e-02
1.638029367376032108e-01
8.293251000333944356e-01
8.768781660431770320e-01
1.123671708034979649e-01
6.679612213260409381e-02
1.405735110997612461e-02
8.803402023316357905e-01
9.822336525756134584e-01
9.963410217296138072e-01
3.782384543403361117e-03
8.052966379823740528e-01
8.614143168936954087e-01
8.391150181921404050e-01
1.879186548783290944e-01
8.210825817370493995e-01
6.976261708122524774e-02
9.326445731788440829e-01
8.054046775378659317e-02
1.600501234199611655e-01
8.365706622798796399e-01
1.735652678372397173e-01
9.364821898147203047e-03
8.865727886689972470e-01
1.299412696838324888e-01
1.201978112382466948e-02
8.805377836010384041e-01
1.202139366508789414e-01
2.399056025910706411e-03
1.259644737669700712e-02
9.138492593210171266e-01
1.694011418354262610e-01
9.442605854484569239e-01
7.657966332412907695e-02
2.000765483181701429e-02
1.268351726734081308e-01
9.822522186007032891e-03
8.384203947465320717e-01
1.223987482432820628e-01
8.942542628248347780e-01
3.667992648916806875e-02
9.519184326362748472e-01
8.197996343453758383e-01
3.949548415278288094e-02
8.102943539188641742e-01
8.786592936962079881e-01
1.844446669293278371e-02
8.573058642925540651e-01
8.962903249201912281e-01
9.563776680456488322e-01
1.981325108546055092e-01
1.000162552989743853e-01
8.635291711506973833e-01
8.564813044375225726e-01
8.360352939351832491e-02
7.252299234609116407e-02
9.140653227679930160e-01
8.154815414342642121e-01
8.090885198860497951e-02
2.602579258152586464e-02
8.090905052035459732e-01
8.814453745484391867e-01
3.392464782648414723e-02
6.736092604923885063e-02
9.908514251727829070e-02
1.069096687017282443e-01
9.135154491077669414e-01
9.772357016150207132e-01
9.060531190584717454e-01
1.156934979906070748e-01
9.998363791113945576e-01
1.629673504645165194e-01
9.929972680774590277e-01
6.244624532430567698e-02
8.649841779996603197e-01
9.387356144300604832e-01
2.653016417014519932e-03
1.466013449789760337e-02
1.203672108512214914e-02
9.280334616287606586e-01
9.047357730202029158e-01
8.394272890616021332e-01
1.628830379743795853e-01
1.715342123528486029e-01
9.785826949144114106e-01
8.074762022022473618e-01
9.319598408013565205e-01
3.170559928341520894e-02
9.927297614469792197e-01
8.197208619123078632e-01
9.672477327615134346e-01
3.539277625567392033e-02
9.551718967347438971e-01
9.106904986701472859e-01
8.530744258628650822e-01
9.172945163898473808e-01
1.952632686137348861e-01
9.301429730971445542e-01
5.456692523971062858e-02
3.031227129692348754e-02
8.102132916741709989e-01
1.957219512280364837e-01
1.986906367603376022e-01
9.475772503327124507e-01
1.170463973076604075e-01
8.807135302279107680e-01
1.480303583653273247e-01
1.749963583474215545e-01
1.391120938009672847e-01
3.942728948432277364e-02
8.829391647105424568e-01
8.717238221216018212e-01
7.833081573813596710e-02
9.184278147576054874e-01
9.724213560132031198e-01
8.189202665371871914e-01
5.421454701669781162e-02
1.595370123748329977e-04
8.776168039407651333e-01
1.981447279701817887e-01
8.975792733397666145e-01
1.806837309880745257e-01
3.912855438846359057e-02
4.888257315459452329e-02
8.077188155303625106e-01
8.434255540494912662e-01
9.354028273709437125e-01
8.093446150624884483e-01
8.529099261986277103e-01
9.994492375751888869e-01
8.750751686763446058e-01
9.083183381222139641e-01
8.350458690615033541e-01
8.007481201970204632e-01
9.801829163221227326e-01
9.487135987467916198e-01
9.830997724922175829e-01
6.519445236708909866e-03
1.558423777130733823e-01
8.449199810437143521e-01
9.579943936909104396e-01
9.756343825816948812e-01
8.546125735749148244e-01
8.547207874218385459e-01
4.353749713467876259e-02
1.995920986980440903e-01
1.893707059484216748e-01
9.157108471849213505e-01
7.874104426099504464e-03
9.317945268127684200e-01
1.676671050259707085e-01
9.757194296509051901e-01
9.640435001167112494e-01
1.274760143921158384e-01
9.292711951465186804e-01
9.228482890753971768e-01
1.605044691451431790e-02
9.740150328066107255e-01
1.028705894998935971e-02
1.389122555909097778e-01
1.842933914838918996e-01
9.312189909099509444e-02
8.437662250333031189e-01
1.387449198460212474e-01
9.775632359336141608e-01
8.614624643433074214e-01
1.626263312415963946e-01
9.438897660708789328e-01
1.588770679916264028e-01
5.077089703704689566e-02
8.013526870363872900e-01
8.460829905632329950e-01
8.717763363003359078e-01
9.259955960909238559e-01
8.968131434965913584e-01
2.632393945542746069e-02
3.647337395698820040e-02
9.536060219236709434e-01
9.133746831375850750e-01
1.728547754496364552e-01
1.627826240923830603e-01
4.794225012307196110e-03
8.949947753049362076e-01
1.860634225003768571e-01
1.352889201787686457e-01
8.399492545039617397e-01
8.122597066622816442e-01
1.325730697757563636e-01
9.405678164668294094e-01
1.359963904860450878e-01
8.370634032202635133e-01
4.245646510712879768e-02
6.407079620658118202e-03
1.158597325484106433e-01
8.615186913496222232e-01
9.372296638802892765e-01
4.685825353843697805e-02
9.845666759203722251e-02
8.123602743679175786e-01
1.927433317199954699e-01
1.641891550732363647e-01
8.680247011106950739e-01
8.339898575914549417e-01
9.145987048824921750e-01
7.890586423029598284e-02
1.923689768337105976e-01
1.353837642675540520e-01
9.272670186573801765e-02
9.953569881466266533e-01
2.565449463638842797e-02
4.461500006879941943e-02
9.759766499679672913e-01
1.245679240946023780e-01
4.170766246825274859e-02
1.600769045171010485e-01
8.926122245152059431e-01
8.182465493774533360e-01
9.741523733458625767e-01
9.227680421103773289e-01
8.620246343447396375e-01
9.899970769306496443e-01
9.567805960280114652e-01
9.653763237179868728e-01
1.523535044915617365e-01
7.587365081748226325e-02
8.215713522438173808e-03
9.591915920330580381e-01
7.447597131202336740e-02
7.086054917728623614e-02
1.584690424755741400e-02
1.971779476592634417e-01
5.300756529544140006e-02
7.051830236469472379e-02
9.046140332198424616e-01
8.917218684326950751e-01
1.150726238674070895e-01
1.688800966399392756e-01
1.379965148942164654e-01
1.082146216514810605e-01
9.154625458181893105e-01
8.871652661967095455e-01
1.822322956267229954e-01
9.880216460932034206e-01
9.058004489377385893e-01
6.283020574305826778e-02
8.506555938868339828e-01
9.993834249504125467e-01
9.214369204783923184e-01
1.312579302936702219e-01
9.247025293276625035e-01
1.263432851457425288e-01
1.645076755711850636e-01
9.679900714096060232e-01
9.544051811138039021e-01
9.878931569705233784e-01
1.412471940584960652e-02
8.570442549579995184e-01
5.328148761449307685e-02
1.946536364007885045e-01
1.732566624691952994e-01
7.803898985447120518e-02
9.461916797547325064e-01
1.302678881216013107e-01
1.814433096178582616e-01
1.044377384183896862e-01
8.583155939204808460e-01
8.833886369359998936e-01
9.892416729273186826e-01
9.824628496785929865e-01
8.355708429592312303e-02
1.453968099384556345e-01
1.906022046966669437e-01
8.252304090817056403e-01
8.246893325352030457e-01
1.083287706546167718e-02
9.906117355663976998e-01
6.823577795596860729e-02
8.627816811010657894e-01
6.388228753488200962e-02
8.738670866907216617e-02
9.151088660100548111e-01
9.591479630481154484e-01
9.591260047918888088e-01
2.314397768971865506e-03
5.155549471868823425e-02
8.541858233664387789e-01
1.957000341395328802e-01
2.763529660921531031e-02
6.579217893342892420e-02
1.928768207745515662e-01
1.531413668172638791e-02
1.734231084124943922e-01
9.055555499956338128e-01
8.663922880756977918e-01
9.734320058327603498e-01
9.025087124293932339e-01
1.762372971246219944e-01
8.232386236106361554e-01
8.520822082616374971e-01
9.864538911484648231e-01
8.800513970002129538e-01
1.798734361049301178e-01
9.636263795896203854e-01
5.193402138771874288e-02
8.319979395249318399e-01
1.700578374877788623e-01
8.243360261692428415e-01
1.191809658989005372e-01
1.901900338746662367e-01
8.810466957248906938e-01
1.816976456444373000e-01
9.591080103499735054e-01
8.853288418986378083e-01
1.832252832205629733e-01
8.424185807218800282e-01
9.351695235601156786e-02
9.661484167828500169e-01
9.897666895855903313e-01
8.463059354943965884e-01
7.069289131026457174e-02
1.368272559883911277e-01
9.093545703587166962e-01
8.723543036767755776e-01
9.606107143085728106e-01
1.923122957451093434e-02
8.883779090425194536e-01
1.959982044477738272e-01
1.563425342906680227e-01
8.302693181875020478e-01
1.146835300010570075e-01
1.215896435206736820e-01
1.106657396942074129e-01
8.629785736237823024e-02
1.171686437235473222e-01
1.890711756109112740e-01
1.716609287462349601e-02
9.327461458542056771e-01
9.622050294875759135e-01
1.536445873800411921e-01
9.945628902882039934e-01
1.051691570474471704e-01
8.546654517573269716e-02
9.001039209512293748e-01
8.256769136467824177e-01
8.163692076099794415e-01
5.350436878431832910e-02
9.702357843799767900e-02
9.136015887147584946e-01
1.338279914931102266e-01
1.338105196808014874e-02
2.132538999355939810e-02
6.314434107161351339e-02
2.662343561210300802e-02
1.319424395524395333e-01
1.518416018660178057e-01
2.743315099069851964e-02
8.934082704980694789e-01
8.119422799232688392e-01
8.761738692330277578e-01
9.576129535283315342e-01
9.501129835489018349e-01
8.488343100171035216e-01
9.638056197362321331e-01
8.426527732677414617e-01
8.337526725235312464e-01
8.404477624153221527e-01
7.699306476931132293e-02
1.645480313610893919e-01
8.981714961648673556e-01
8.430096802628703756e-01
8.923487237494875934e-02
8.669956116090421494e-01
2.185444607787952187e-02
1.033356511024642876e-01
3.719978466527822797e-02
1.031361297002657829e-01
9.551356070835197443e-01
2.178841892138927427e-02
1.522926920645027715e-01
1.024758725068711657e-01
8.720606396347011513e-01
9.712059158024284322e-01
8.541932039750693706e-02
8.141986132893726247e-02
1.486991539334699963e-01
2.978844416720465363e-02
3.314629629144318773e-02
8.883357629433522584e-01
9.008528334944274629e-01
8.363707272494521616e-01
1.737395752103087221e-01
1.578444551813964203e-01
9.126438869121514808e-01
2.677636265796186354e-02
8.604677408206337086e-01
2.658935584047459472e-02
3.211767309632847234e-02
9.773884563862660357e-01
1.191645620568207165e-01
5.593770050658593285e-02
8.575182627069420915e-01
3.405928042364641389e-02
9.884614451024136272e-01
2.076860402255593929e-02
9.135247041069557428e-01
9.378807500043200296e-01
8.286033785472717295e-01
8.337571738772933116e-01
9.666950087220685939e-01
9.380229558139764334e-01
8.627140863110538405e-02
7.639026099563993311e-02
9.848843375373468323e-01
1.149377666788784502e-01
8.369623598035743628e-01
5.532719655394596064e-02
9.132381606531162488e-01
8.390212986422791452e-01
2.882065240868467854e-02
8.276294477909433844e-01
8.987093348310944974e-01
7.019637341369980299e-02
9.934390683448599546e-01
1.351005707860475080e-01
3.864836031848531417e-02
9.771499235855981569e-01
1.038345391926899092e-01
1.459794442752997135e-01
8.335428081943455636e-01
8.047120764865223208e-01
1.616954279473925560e-01
1.433930029379564264e-01
9.202954609130441499e-01
8.504593638204682726e-01
8.836066597467853723e-02
9.037141918892446224e-01
8.195506140692727926e-02
