2.390223154011299547e-02
4.103393181525852307e-02
9.893676874134846866e-01
8.161417900009924065e-01
8.976627293661601503e-02
1.175766026331368369e-01
1.023386488093916552e-01
8.804414005118246234e-01
2.541817522399369977e-02
8.137605096485832634e-01
3.529749421162282907e-02
8.979412838095434113e-01
9.889456462514787383e-01
8.143554000132636750e-01
1.181137536452931541e-01
8.142906719334775945e-01
1.290816506077727410e-01
9.009008649688503567e-01
8.730673764676125659e-01
9.618398063363819972e-01
1.725264112391178828e-01
9.803078155137153749e-01
9.569714842961732360e-02
1.125887155085119121e-02
1.881619832720972940e-01
3.352665823716038940e-02
6.087139375676353659e-02
3.771306032005883498e-03
9.219096574259741939e-01
7.533603536332772466e-02
8.995248302642596672e-01
9.982507862137260934e-01
9.184418696092240264e-01
1.154167577400533329e-02
1.730969619778313096e-01
2.435276367654482053e-03
8.706305575425556942e-01
8.564173484587931373e-01
8.072122811811582865e-01
8.225675732556697595e-01
9.330363343038527990e-01
9.189282217119515428e-01
9.860611133418321073e-01
7.468802468212097645e-02
8.808577608509386980e-01
1.139201073852905977e-01
5.257686989616168483e-02
9.531880218759787582e-02
9.726649775861804237e-01
8.333080380253574670e-01
8.848165136247284623e-01
8.132587131042612327e-01
9.972212842782296471e-01
9.335930206182004032e-02
9.693568971058896810e-01
9.464577751646324755e-02
9.106616447434031647e-01
9.644956437702114638e-01
7.037053088906020104e-02
8.457377833007413415e-01
9.452347763865536212e-01
1.490147616959454913e-01
8.700680022211977338e-01
9.727931984262143672e-01
8.675076909552452697e-01
8.534896000244388548e-01
8.582548992826030121e-01
3.877563544243933791e-02
1.070805715060213353e-01
6.748623999107657145e-02
1.797897204564522511e-01
8.176011542411035782e-01
1.875474479590436561e-01
4.674201473091715159e-02
8.958844680201623056e-01
1.476000040961270299e-01
8.681681461430393876e-01
9.586769354439171886e-01
1.125532263499372104e-01
6.212677559216284173e-02
9.822840157302615838e-01
1.405146915013935904e-01
1.801467279915401343e-01
9.448675761166909215e-01
1.200451959615551623e-01
5.643445349167089398e-02
9.150875378165517215e-01
8.326336103879424799e-01
1.043423400796664596e-01
1.267161986197245238e-01
9.076097544383542326e-01
8.538921034090882767e-01
5.337319602163979188e-02
1.295271120235907403e-01
1.840156635730807178e-01
8.838931714690482222e-01
1.092880248119139190e-02
1.032404626960506389e-01
8.056320224077700987e-01
9.602674684297034524e-01
9.661058802846587135e-01
1.462651565744307602e-01
9.094830085172449508e-01
9.399346013693399282e-01
6.739130417595627642e-02
9.193865719755851540e-01
3.693602635646677651e-02
9.049163695110777894e-01
9.613572322719761143e-01
9.311347301991510506e-01
8.202369582702979667e-01
9.231776497778240165e-01
8.851519716563919227e-01
8.414590936533269394e-01
9.935000043005792758e-01
9.292425899947007739e-01
2.753800165224622523e-02
1.450549305431868830e-01
8.814853404823923544e-01
1.930555064930020437e-01
9.866397483196023277e-01
8.441226229696385808e-02
8.920934102671457255e-01
8.120843865948981777e-02
2.907510968177478075e-02
8.906074703737765219e-01
1.274250979451563293e-02
9.218533616457027513e-01
1.630267699057392702e-02
8.304561916214826534e-01
1.595088383025201340e-01
1.648942028021322670e-01
9.250356174134728438e-01
8.226893595386725044e-01
9.613309345735925326e-01
8.096812734509927223e-01
4.129406184733361990e-02
9.491099268035414482e-01
9.358634170832963450e-01
9.164430857867079672e-01
9.337028598511628585e-01
3.721145450991163867e-02
8.122656701228078147e-01
1.566257384520633456e-01
2.659242436470079726e-02
1.543483389266490924e-01
7.002040075955227871e-02
1.561662768757144937e-01
8.306432540869294057e-01
1.561784660217414022e-01
8.305232055827463933e-01
8.166416804294585052e-01
1.767886428545961952e-01
1.192205109069336966e-01
1.826199810107580548e-02
9.292995600750981744e-01
1.490607729726371733e-01
1.848004654595971075e-01
9.718820712332443268e-01
1.136477897507446183e-01
2.006981075078025090e-02
9.583556732214409957e-02
8.294712714212103544e-01
8.093139370612063566e-01
9.317031633836785343e-01
9.292272944420461034e-01
9.556508846478172226e-01
9.757152083277617072e-01
2.297625821059763596e-02
9.410533424131395375e-01
5.232328514355806537e-02
8.195498635973884616e-01
9.369833190247359722e-01
2.998909917024865715e-02
9.811577130999400431e-01
8.728476962582598642e-01
9.165542384747308313e-01
8.859722396879332607e-02
9.359489796231520442e-01
9.436979145447210726e-01
8.016156161357295140e-01
9.649318659896177763e-01
1.140956049640645259e-01
3.049004116215494817e-02
6.300571346540413675e-02
8.133686893694405118e-01
1.008372512064064641e-01
8.221559981309303211e-01
5.632574690864285138e-02
9.020187541733529768e-01
1.472091493411799568e-01
1.807082637450205809e-01
8.556607522794820175e-01
1.454621851428983537e-01
8.086592106452580309e-01
9.397546905416198637e-02
1.475521143437784899e-01
3.434468772931143117e-03
6.507506528895541653e-02
1.875243486968986850e-01
1.740769581645431885e-01
8.858116948992310613e-01
9.175562092972123010e-03
4.407725331346770692e-02
1.914827066597623029e-01
1.221310325051911810e-01
9.631013883236185791e-01
8.565619709094854928e-01
8.990255547014576187e-01
1.859731662608708758e-01
3.625895633259366285e-02
1.931764365958887897e-01
8.189996920956924553e-01
6.511929229833013366e-03
8.778538671489225509e-01
8.864142858707744210e-01
9.369577591968132335e-01
4.246983527156977800e-02
8.327760905150045634e-01
1.647088561928265055e-02
3.728212058292768027e-03
4.012622323478265418e-02
3.640969301813914288e-02
8.004683276547900350e-01
8.375890119143179768e-02
3.432530904171813418e-02
9.130669425503453729e-01
9.724209620443183821e-01
1.693536424272452587e-02
9.989797246652314389e-01
8.372538594490585781e-03
1.150345301748656318e-01
1.812811897711243680e-01
3.112356784361176854e-02
9.998117259697947290e-01
1.466936859360241374e-01
4.991454190104343408e-02
9.516722381671700592e-01
8.090149153262233828e-01
9.332602507049168050e-01
1.017213532199209847e-01
9.324622901298019739e-01
1.529010513105244218e-01
8.829069072733773949e-01
1.953921375849108910e-01
1.149174102133767028e-01
1.734355518812207564e-01
9.046641451563934844e-01
8.217098268041856945e-01
8.683819256875268122e-01
4.064953039388204126e-02
8.498777632926844960e-01
1.807117964166534141e-01
3.100199137823847137e-02
8.108207531676772106e-01
8.376166236026684198e-01
4.156736918204602393e-02
6.782865323227716195e-03
7.796015034091258178e-02
1.366374244630825519e-01
9.807413839817413770e-01
8.297553866629091557e-01
1.830117781418344747e-01
1.141242449598185993e-01
8.048598438242539066e-01
1.129703105018157044e-01
8.350767600454771511e-01
8.167298941353540176e-01
9.270432159945057871e-01
9.063225833065269299e-02
3.358412312404759209e-02
8.241344345171076613e-01
1.428160618605664733e-01
9.156065448728046841e-01
3.528127185316509706e-02
9.876703313764783054e-01
8.942648976771866431e-01
9.357160254036982483e-01
7.470864187993871142e-02
8.561735724916267332e-01
8.076123267673305239e-01
9.079786403861046518e-01
6.421948188865190220e-03
8.045285530913073302e-01
9.686579339140096723e-01
1.735022759506292811e-01
9.100531571313980050e-02
1.560728015612641850e-01
1.557237777079720775e-01
9.459549145335558462e-01
9.834816535578783103e-01
8.919259846077155496e-01
9.859164239467153035e-01
1.110237786754964678e-01
8.867223668200622244e-01
1.646893159421859154e-01
1.672340108270904332e-02
2.196564822328579691e-02
8.571112808761134350e-01
1.912114261750247901e-01
8.019871846440451701e-01
8.658198335279110314e-01
1.738815651248946242e-02
9.392442798259383885e-01
9.725840992541271435e-01
1.692285836692813961e-01
1.463068641488238231e-01
7.082485589164992656e-02
8.810128667282580706e-01
1.267031901009610662e-01
8.899652715602703879e-01
1.475972177642380367e-01
8.422749201990142875e-01
1.600784974754088930e-01
1.024433952922823021e-01
9.983088125100837429e-01
8.954042025634734170e-01
1.952320265903622135e-02
9.301590064917012457e-01
8.632760092063987978e-01
1.408495910872165080e-02
8.774274441833076477e-01
8.495170178628297375e-01
1.562449893766699183e-01
8.281635254923662703e-01
5.255690542457587544e-02
4.054323615256841262e-02
8.858487948420937785e-01
9.029965396588651716e-01
8.284190658931607221e-01
8.688275716021911510e-01
9.164926334016562093e-01
9.528082991993052087e-01
1.146754722109018243e-01
8.918734771060298216e-01
1.810670090945686039e-01
8.291467273465481444e-03
4.655320011875810349e-02
8.419400052645857890e-01
1.405487309140890373e-01
1.609828377178826597e-01
1.148567833410409911e-01
8.827422527732891044e-01
8.798217174105202876e-01
1.235986232329169959e-01
1.558658994382284002e-01
8.648994418393940453e-01
1.078464096590559945e-01
1.471846298249654128e-01
8.275890434442690902e-01
8.491655455728892576e-01
9.444559615611844983e-01
9.731921129133636050e-01
1.876919284543168420e-01
8.524943475467424703e-01
9.988513884133277676e-01
8.153776267216952256e-01
9.776806402850570787e-01
1.310931786291592016e-01
1.470560858955165806e-01
9.301275958686661127e-01
1.032724274840780138e-01
9.288924373878938434e-01
8.170301184646409087e-01
9.994014614226411908e-01
9.857494296941745615e-01
8.542866896055933967e-02
2.974856939796448677e-02
9.611149906680372529e-03
5.325757196112804182e-02
9.288139862411503023e-01
9.461005783025273896e-02
9.779762461119244632e-01
8.522208255293491075e-02
1.567560260727565435e-01
9.123807300840930390e-01
9.576316200467044348e-01
8.974635652956093335e-01
1.838877524615207260e-01
1.630036493229552463e-01
1.865491309513359064e-01
8.360377855061955632e-01
9.756075610131220710e-01
9.321157949514919938e-01
1.936174772041407977e-01
1.057445834171212157e-01
6.028720178230511512e-02
8.341181642869234247e-01
1.144304822939372912e-01
9.656830893225322177e-01
5.697996965134773106e-02
1.281334410041446159e-01
8.133480632779500619e-01
7.667989576274952812e-02
8.340118594426690901e-01
1.614665660929170687e-01
8.980689395773190364e-01
9.493341066957800001e-01
9.763764157932169896e-02
1.742710150887916273e-03
3.739020863504905184e-03
1.780379209205451285e-01
9.152572544487108663e-01
4.739266504223280801e-02
7.574667867860956916e-02
1.432694987291946720e-01
1.707463037544549034e-01
1.035472858298497889e-01
8.461218975410255139e-01
1.629580674266080387e-01
8.286525637953743306e-01
1.972082685927914747e-01
7.880003123491380324e-02
4.123572760006335991e-02
1.873096690164159361e-01
9.618978123034216399e-01
9.665008963013320686e-01
9.768232465646073948e-01
1.429667707180553582e-01
5.269819797270687556e-02
5.459479370766764927e-02
8.653873892761070330e-01
3.065370474102584522e-02
9.205027110701756721e-01
8.234690109080945453e-01
9.258866211172548377e-01
9.233956010899223577e-01
8.027441620668737121e-01
8.866913051097605747e-01
9.282689790943170483e-01
9.980916107609583143e-02
9.333907316721264946e-01
1.123714503236443590e-01
4.228282652507402845e-02
8.992168639752211590e-01
9.873364461609958065e-01
9.100732688828202521e-01
9.262636580816796528e-01
1.760701439006920610e-01
1.583170578614923607e-01
1.942048876931945717e-04
1.009485735189898960e-02
1.374989952205197818e-01
2.759086770905128366e-03
4.422561896158725553e-02
7.201917654121459643e-03
2.517193392841674676e-02
9.965578433011777759e-02
9.651778108175066428e-01
5.644659209420659768e-02
8.158278854867018204e-01
1.409817132320205502e-01
8.812519929522723006e-01
6.728868369208747258e-02
1.074160007118098586e-01
9.393490457477098321e-01
9.702405171960540864e-01
6.567160057268427165e-02
8.395490696850976819e-01
1.193507099427684737e-01
8.386542947813484528e-01
4.760805972680242498e-02
3.945074039329465702e-03
9.038848807026160781e-01
9.729301967893347891e-01
7.850947894537488314e-02
8.937382813329342035e-01
5.971094254153126724e-02
9.101415655423155115e-01
9.044375249972620434e-01
1.471862337298095458e-01
9.356898273981607145e-03
1.380393036494711179e-01
8.646928807848590637e-01
8.920533287347971463e-01
7.765877968398915768e-03
8.662627832065105116e-01
6.304654604262596718e-02
9.179462712889145948e-01
1.992935949301262444e-01
9.883957594998674656e-01
9.750233631087842356e-01
8.114225866501889595e-01
1.147721778998610775e-01
1.972683503860805654e-01
1.891396956133911122e-01
4.919595890849851050e-02
1.523354307689900045e-01
9.911053787623833600e-01
1.354723479208261583e-01
1.645268688290142389e-01
1.619376952279399651e-01
8.031794976421920973e-01
1.767637874020555333e-01
9.831295909527426602e-01
9.986670006026563406e-01
1.243935782986857197e-01
8.678103354887638510e-01
9.461172807571684995e-01
9.786838846979362128e-01
