1.893921580938162930e-01
8.274469433857969403e-01
1.030190075069770811e-01
6.674755752055405722e-02
1.237946045893734311e-03
8.217811911426349258e-01
1.181422470724387969e-01
7.021766583780648940e-02
8.286320756964387080e-01
8.184729014107532397e-01
1.786336539331461193e-01
9.927209196382931200e-01
8.069966644291539648e-01
1.932652820626112045e-01
2.855505709811027859e-02
8.430392214227041547e-01
8.799469521572754471e-03
1.586236795973188229e-01
3.571541689273818182e-02
9.505341671383336077e-01
9.582288316839008280e-01
5.980543869907324617e-02
1.826313559974364897e-01
8.106405771312368280e-01
6.183119938456280856e-02
9.297472539462621199e-01
6.958194308884738111e-02
8.031657826634854835e-01
8.466522303874708388e-01
9.490904477728842048e-01
3.508392497800188331e-02
8.497762308861893377e-02
9.149808758089852390e-01
9.098972268381504136e-02
1.884418332471621549e-01
1.610880278230288343e-01
9.128361341753804536e-01
1.650498953298167037e-01
3.330429771186405302e-03
3.917330937075323011e-02
9.464510251392832529e-02
8.908702397118302141e-01
6.350221724719713745e-02
9.321720481416163606e-01
9.469036235637517951e-01
9.040143787234360406e-01
4.148231222440568189e-02
2.726148385397089355e-02
3.667725272754873700e-02
8.405237998743905203e-01
3.038728411656576797e-02
9.401176835185736103e-01
9.687996315428307748e-01
1.434827673550508609e-01
9.917969219629015898e-01
8.446989821743897675e-01
8.736533024352413079e-01
2.293126906446931942e-02
1.839800148711412120e-01
8.752003471085468833e-01
1.385483481319275678e-01
8.499847115049534718e-01
8.446075300778771444e-01
1.746702304469556141e-02
8.573216685629712064e-01
8.323288172038734167e-01
1.532399654539358391e-01
2.758886344163354043e-02
1.121111103527237252e-01
1.060420513478062404e-01
9.734973494568399666e-01
8.069882894435347342e-01
9.205932336486899459e-01
1.567533120757075293e-01
5.653614894685953657e-02
9.908705776095479978e-01
9.443135201320620453e-01
9.168242850384390463e-01
1.787477128139312865e-01
6.826131263858210840e-02
1.077229957286494066e-01
9.631360444009277044e-01
8.163047892085925072e-01
8.597225458162693901e-01
1.646704113897897725e-01
3.387108686231615068e-02
1.928301276431768074e-01
8.677775641151717068e-01
8.888860087162252510e-01
9.389232611530723416e-01
1.883795940934004098e-01
4.094063919075152658e-02
1.349346000535054102e-01
1.569053417491754754e-01
1.872410452012700788e-01
1.521259021869729722e-01
1.367642164768779200e-01
6.322858188383879974e-02
9.682903343594556622e-01
5.012052716150195049e-03
1.635062894260883026e-01
2.563290279780803746e-02
1.507373117301152032e-01
3.854076364856238307e-02
8.663687277472700288e-01
9.572390203028249278e-01
9.474075862359724320e-01
1.872212052986378106e-01
1.374939666560833496e-01
8.623195570058739268e-01
9.687748931389366103e-01
8.279089051641953523e-01
7.020317506218930192e-02
1.880194240936308714e-01
9.407267646509598347e-01
8.164540276936373964e-01
9.827057733735670153e-01
8.066100319872557267e-02
1.453332144997047104e-01
9.720059172812124393e-01
1.944670667512636009e-01
2.836543816022119371e-02
9.214568238717624205e-01
1.593663217692184719e-01
9.887077896183427139e-01
9.329261849808070384e-01
8.809571463256268276e-01
8.860626262994937274e-01
6.762614434124017415e-02
9.681948876820104521e-01
9.568179337142307395e-01
1.693607555373879414e-01
8.170811965286065570e-01
8.837818447259201404e-01
9.527427399734861302e-01
9.590017281238841784e-01
9.110361672804044575e-02
9.335564384710528518e-01
8.036307024882144434e-02
9.925311656867633614e-01
9.933969638079758191e-01
8.179319085874678374e-02
1.589893297326782640e-01
2.616621265610960881e-02
8.526298779011515228e-02
1.296178754421712653e-01
8.850209696737969534e-01
8.846316875597675100e-01
5.337188476096385581e-02
1.928917714150088503e-01
8.792170707970335952e-01
1.583124304654747738e-01
8.493334498866411675e-02
7.819137790514889275e-02
8.234057945985492344e-01
4.514833056816058149e-02
2.218762645508709150e-02
8.280570732132173095e-01
1.959972538814321597e-01
1.783733326252835982e-01
9.406801271201223891e-01
8.191774770379891546e-01
4.407471471599751223e-02
1.457973359877439978e-01
9.246415799512351930e-01
1.562642014431507853e-01
1.793283133229850446e-02
9.294448044010739096e-01
8.388001067652776921e-02
2.993538996426137362e-03
5.339666736550319204e-02
9.299828847391584941e-02
1.553214547964815173e-01
9.723830847817838130e-01
8.348470718110596600e-01
1.843734039101320443e-01
9.650410271441891563e-01
9.793417701481202942e-01
9.339400502423848005e-01
9.140552270532390500e-01
8.495659930138500515e-01
9.629015935046999486e-01
9.651428903517935698e-01
3.205882171170444661e-02
1.234403222335360845e-01
1.608892521638066730e-01
1.381514722223202776e-02
8.589221976689997984e-01
1.975100374476983500e-01
8.074880719299544207e-01
8.323583860227451447e-01
1.074642001134643587e-01
5.470035538121243573e-03
9.065746690287626031e-01
1.782954618070618225e-01
7.755117844218853418e-02
9.133661732047900772e-01
9.203063320173305861e-01
1.860807368494663550e-01
1.423041398150993453e-01
1.140861989930590931e-01
4.688347774391215389e-02
8.734919080060329355e-01
9.714521113126376450e-01
9.963022923490150173e-01
8.788593729813903854e-01
2.651548753790227211e-02
8.100745200655201650e-01
1.790719597973388644e-01
1.889110354716004303e-01
1.330552583032779956e-01
9.255712136837322968e-01
4.458273476029505494e-02
8.332310355373346855e-01
9.367289995296380622e-01
9.936259482131244436e-01
9.817258093096216109e-01
3.507202834877936465e-02
9.764721649258008007e-01
1.470353406705207922e-01
1.565105510058892035e-01
1.488420186605953210e-01
2.107617742052605644e-02
8.730446030348950615e-01
1.217532366720228826e-01
9.461361378793879950e-01
7.933567129460102063e-02
8.894722369988670163e-01
7.544050921884966343e-02
8.027074180264076597e-01
9.504197344361096089e-01
1.516466279836154729e-01
9.282901012065393198e-01
9.597855717089239791e-01
9.713957623182607470e-01
5.461358625537688499e-02
8.521874513184705124e-01
9.614211160920045351e-01
8.834378319953305470e-01
3.408512438106017090e-02
8.267568621416031549e-01
8.890171448499152307e-01
1.608970060371560928e-01
8.363566215185289643e-01
7.481881892258715472e-02
2.168700537533290243e-02
9.614175102645884374e-01
8.989764773366610839e-01
8.735507523942017682e-01
1.700311575708895462e-01
1.826857241388856468e-01
8.991642102615241550e-01
4.707929490492112484e-02
1.338126736601788491e-01
7.743280603492491698e-02
9.678605777977273839e-01
1.807878564344850836e-01
9.845275015005651165e-01
8.794854928387152437e-01
8.846351882229507302e-01
9.044685593126259304e-01
9.282918115082222643e-01
8.434084923514956200e-02
9.850308481161857976e-01
8.692724942226793816e-01
1.071229917028606732e-01
8.148321467247385819e-01
8.051262491258871501e-01
7.234589985778526466e-02
9.760933843316764724e-01
1.790193959838823068e-01
1.865748306111059962e-01
9.221164234341724386e-01
8.160299767985692565e-01
1.236558905634561542e-02
8.477051393806384061e-01
1.994883630912312744e-01
1.549446570023929083e-02
9.226839669685666934e-01
8.447945828127488566e-02
9.810267700645169953e-01
9.437717681418767990e-01
8.343611497062888294e-01
9.347403449770694817e-01
8.915431047992369296e-01
1.376281887336253118e-01
8.122783698327352281e-03
1.360559701834402613e-01
8.257918982706380362e-02
1.189798444997158394e-01
1.835195678364928418e-01
2.881253954570166254e-02
8.059952690189967073e-02
8.435767792755121362e-04
8.758746536451609277e-01
1.335139618887100921e-01
8.969975548311504010e-01
9.473346122608383713e-01
1.645938686666246209e-01
8.969041251837078788e-01
8.053320921976269142e-01
9.036856122903912381e-01
9.658141722996096412e-01
9.848464193068223738e-01
9.710588219992387637e-01
8.784129316228702633e-01
6.258476734124696073e-02
9.148100768046807385e-02
9.120515433106797243e-01
8.128037141216169770e-02
2.396556893715693151e-02
8.838981546639957942e-01
3.837739802825601738e-03
9.830478692611176461e-01
8.288252267880237278e-01
9.082484550289781078e-01
1.314307634551148407e-02
7.627759630152697833e-03
8.029545967385012251e-01
9.393070868099078208e-01
8.285183875478611126e-01
9.709774093372287584e-01
8.369574166079293276e-01
8.533381148115766202e-01
8.202750832032772166e-02
1.894951686593314422e-01
8.713207272109129153e-01
9.377727058684081074e-01
1.992758021162367998e-01
1.929034752972578343e-02
9.232588738975615328e-02
2.614415888044539088e-02
4.830793375027244568e-02
6.057476659784358231e-02
4.520874331143516500e-02
8.693604246554398340e-02
8.918017889030918077e-01
1.963169450276580907e-01
1.351186212869262271e-01
7.379882115990457625e-02
2.561728751449888000e-02
8.990295168395520120e-01
9.893221421877452793e-01
9.757691751901583777e-01
1.306246338353777570e-01
8.252724129531510133e-01
5.586311410281711437e-02
9.337279909144767798e-01
1.919586568593437126e-01
1.964242110310774475e-02
9.324211267270973158e-01
8.514809856874097083e-01
1.498100711386078088e-01
8.324020645596401646e-01
8.178909764295512197e-01
3.888138600381729542e-04
8.404083984787652506e-01
3.994719096822305776e-02
9.312688406592442014e-01
8.836736358685550741e-01
9.958434968505852636e-01
8.308224048129625450e-01
8.634130281963262599e-01
8.102572587177655494e-01
5.894597125062297355e-02
8.234430750394781118e-01
1.651941700681487102e-01
8.898561053739766358e-01
9.193473370495283126e-01
1.201515308231302787e-01
9.934927882103807839e-01
9.284330737849000315e-01
1.613982035423504602e-01
1.585516577855918263e-01
8.535098055238987680e-01
1.756240357979917677e-01
1.793511299608864240e-01
1.524083566162449943e-01
7.393773031425721586e-03
8.194083740094149082e-01
8.299479183134924609e-01
1.342150801589956088e-01
1.342766335128824096e-01
2.810349436460306272e-02
9.095577156740550784e-01
9.889411692010248167e-01
9.314964738250639531e-01
1.414053268129995544e-01
8.651061538953646046e-01
8.488837750764619550e-01
1.536466217523035915e-01
1.426843626078547478e-01
6.207211419850572343e-02
2.231100488612769092e-02
1.495986923515441602e-01
9.698614247884488337e-01
8.994034175475554838e-01
9.199064803902590182e-01
9.416366584162654263e-01
8.623544502158540792e-02
8.528718087308702067e-01
9.217301566759183995e-01
9.453304722135027482e-01
9.571758645916840502e-03
8.988204438494291626e-01
1.844918595224491475e-01
3.458792729217548267e-02
9.376825467503980827e-01
8.544886241732899679e-01
8.145055345389158319e-01
1.516781994022277646e-01
4.525163518035188459e-02
1.504213760989804305e-01
5.551072440668274738e-02
1.946429206636386341e-02
8.013720564192542417e-01
8.551001120209289486e-01
9.451954877162294100e-01
9.824182885061776282e-01
3.167131262014071663e-02
8.644719859400611384e-01
1.606444151396113906e-01
4.211631825436239901e-02
5.028082271474536985e-02
1.733484522788927562e-01
1.588638896040403814e-01
8.267138558716063956e-01
8.253634335213200224e-01
8.995023970148114945e-01
7.974784870369309997e-02
8.227380402536169646e-01
1.025869466910218769e-01
1.675092403802420360e-01
8.015645635929039559e-01
1.325960887389589504e-01
1.924844540102615964e-01
1.586942093574398027e-01
1.941664723936635875e-02
9.516931588221730909e-01
8.322584037465137197e-01
9.896941300797600372e-01
9.981941047225392216e-01
7.156256305565299181e-02
1.144995656985979549e-01
8.433771214551839535e-01
9.531407753930527527e-01
1.505190347849100219e-01
8.072079233388970154e-01
1.000931415425137250e-01
9.223442792776221921e-01
9.580478411587384224e-01
2.478320478461675663e-02
9.689378290958841067e-01
1.804330210878190288e-01
1.198056763551502424e-01
1.593554763194692248e-01
8.192191169541906959e-01
1.142724120207093547e-01
1.080107501160607192e-01
8.984018671733839945e-01
8.223766833490381289e-01
1.575808616543010465e-01
1.513063393854899297e-01
8.465329028752819340e-01
8.145247700452397099e-01
9.207068017703292639e-01
8.937567794246158437e-01
1.876761851429772088e-01
6.889663951524714613e-02
9.669326185632881598e-01
7.580174596019992328e-02
1.010294097960096060e-01
9.837134422814445278e-01
8.303105313886076644e-01
5.946914186728962520e-02
7.039576440349227214e-03
9.409771485319756712e-01
9.659555806521543664e-01
8.036955631808203604e-01
9.345713000521870262e-01
1.738191165542015693e-01
8.419956984218052165e-02
1.749325552659017902e-01
8.464145318596745238e-01
9.376932184577853047e-01
4.084090673474444211e-02
6.633356861085304597e-03
9.909764373399411186e-01
9.327304151099197194e-01
9.540721901177037223e-01
5.429268810678398310e-02
8.148208303901817162e-01
8.310250674464033649e-01
9.334944029180989311e-01
8.168371644648259045e-01
1.179683590671182780e-01
1.076626765232574778e-01
9.234384193386367956e-01
8.094168017022225214e-01
4.359795362315480038e-02
