2.390223154011299547e-02
4.103393181525852307e-02
9.893676874134847976e-01
8.976627293661601503e-02
2.541817522399369630e-02
3.529749421162282907e-02
9.889456462514787383e-01
9.009008649688503567e-01
9.618398063363822192e-01
9.803078155137151528e-01
9.569714842961730972e-02
1.125887155085119121e-02
3.352665823716038940e-02
6.087139375676353659e-02
3.771306032005883064e-03
9.219096574259741939e-01
7.533603536332771078e-02
9.982507862137262045e-01
9.184418696092240264e-01
1.154167577400533155e-02
2.435276367654482053e-03
9.330363343038529100e-01
9.189282217119516538e-01
9.860611133418319962e-01
7.468802468212097645e-02
5.257686989616167789e-02
9.531880218759788970e-02
9.726649775861805347e-01
9.972212842782296471e-01
9.335930206182002644e-02
9.693568971058895700e-01
9.464577751646323367e-02
9.106616447434031647e-01
9.644956437702113528e-01
7.037053088906020104e-02
9.452347763865536212e-01
9.727931984262143672e-01
3.877563544243933791e-02
6.748623999107657145e-02
4.674201473091715159e-02
9.586769354439170776e-01
6.212677559216284173e-02
9.822840157302618058e-01
9.448675761166909215e-01
5.643445349167088704e-02
9.150875378165517215e-01
9.076097544383542326e-01
5.337319602163979188e-02
1.092880248119139190e-02
9.602674684297033414e-01
9.661058802846589355e-01
9.094830085172448397e-01
9.399346013693400392e-01
6.739130417595627642e-02
9.193865719755852650e-01
3.693602635646677651e-02
9.049163695110777894e-01
9.613572322719760033e-01
9.311347301991510506e-01
9.231776497778240165e-01
9.935000043005791648e-01
9.292425899947007739e-01
2.753800165224622523e-02
9.866397483196024387e-01
8.441226229696387195e-02
8.120843865948980389e-02
2.907510968177478075e-02
1.274250979451563119e-02
9.218533616457027513e-01
1.630267699057392702e-02
9.250356174134728438e-01
9.613309345735923106e-01
4.129406184733361296e-02
9.491099268035414482e-01
9.358634170832963450e-01
9.164430857867079672e-01
9.337028598511628585e-01
3.721145450991163867e-02
2.659242436470080073e-02
7.002040075955227871e-02
1.826199810107580548e-02
9.292995600750979523e-01
9.718820712332444378e-01
2.006981075078024743e-02
9.583556732214409957e-02
9.317031633836784232e-01
9.292272944420461034e-01
9.556508846478173336e-01
9.757152083277615962e-01
2.297625821059763596e-02
9.410533424131395375e-01
5.232328514355807231e-02
9.369833190247359722e-01
2.998909917024865715e-02
9.811577130999400431e-01
9.165542384747308313e-01
8.859722396879331219e-02
9.359489796231520442e-01
9.436979145447209616e-01
9.649318659896175543e-01
3.049004116215494817e-02
6.300571346540413675e-02
5.632574690864285138e-02
9.020187541733527548e-01
9.397546905416198637e-02
3.434468772931143117e-03
6.507506528895541653e-02
9.175562092972124745e-03
4.407725331346770692e-02
9.631013883236183570e-01
3.625895633259366285e-02
6.511929229833012499e-03
9.369577591968131225e-01
4.246983527156977800e-02
1.647088561928265055e-02
3.728212058292768027e-03
4.012622323478265418e-02
3.640969301813913594e-02
8.375890119143179768e-02
3.432530904171813418e-02
9.130669425503452619e-01
9.724209620443183821e-01
1.693536424272452240e-02
9.989797246652313278e-01
8.372538594490585781e-03
3.112356784361176854e-02
9.998117259697948400e-01
4.991454190104344102e-02
9.516722381671699482e-01
9.332602507049168050e-01
9.324622901298019739e-01
9.046641451563935954e-01
4.064953039388204126e-02
3.100199137823847137e-02
4.156736918204601700e-02
6.782865323227716195e-03
7.796015034091258178e-02
9.807413839817411549e-01
9.270432159945055650e-01
9.063225833065266523e-02
3.358412312404759209e-02
9.156065448728047951e-01
3.528127185316509706e-02
9.876703313764784165e-01
9.357160254036982483e-01
7.470864187993869754e-02
9.079786403861046518e-01
6.421948188865190220e-03
9.686579339140095612e-01
9.100531571313981438e-02
9.459549145335558462e-01
9.834816535578784213e-01
9.859164239467151925e-01
1.672340108270904332e-02
2.196564822328580038e-02
1.738815651248946242e-02
9.392442798259386105e-01
9.725840992541272545e-01
7.082485589164992656e-02
9.983088125100835208e-01
1.952320265903622135e-02
9.301590064917011347e-01
1.408495910872165080e-02
5.255690542457588238e-02
4.054323615256840568e-02
9.029965396588652826e-01
9.164926334016562093e-01
9.528082991993053197e-01
8.291467273465481444e-03
4.655320011875809655e-02
9.444559615611844983e-01
9.731921129133634940e-01
9.988513884133276566e-01
9.776806402850569677e-01
9.301275958686658907e-01
9.288924373878937324e-01
9.994014614226414128e-01
9.857494296941744505e-01
8.542866896055933967e-02
2.974856939796448677e-02
9.611149906680370794e-03
5.325757196112804182e-02
9.288139862411504133e-01
9.461005783025273896e-02
9.779762461119244632e-01
8.522208255293491075e-02
9.123807300840929280e-01
9.576316200467043238e-01
9.756075610131219600e-01
9.321157949514921048e-01
6.028720178230512206e-02
9.656830893225321066e-01
5.697996965134773106e-02
7.667989576274954200e-02
9.493341066957800001e-01
9.763764157932169896e-02
1.742710150887916273e-03
3.739020863504904750e-03
9.152572544487107553e-01
4.739266504223280801e-02
7.574667867860958304e-02
7.880003123491378936e-02
4.123572760006335991e-02
9.618978123034216399e-01
9.665008963013319576e-01
9.768232465646073948e-01
5.269819797270688250e-02
5.459479370766764927e-02
3.065370474102584522e-02
9.205027110701756721e-01
9.258866211172547267e-01
9.233956010899223577e-01
9.282689790943169372e-01
9.980916107609584531e-02
9.333907316721266056e-01
4.228282652507402151e-02
9.873364461609958065e-01
9.100732688828201411e-01
9.262636580816796528e-01
1.942048876931945717e-04
1.009485735189898786e-02
2.759086770905128366e-03
4.422561896158725553e-02
7.201917654121459643e-03
2.517193392841674329e-02
9.965578433011776371e-02
9.651778108175065318e-01
5.644659209420659768e-02
6.728868369208747258e-02
9.393490457477097211e-01
9.702405171960540864e-01
6.567160057268427165e-02
4.760805972680241804e-02
3.945074039329465702e-03
9.038848807026159671e-01
9.729301967893346781e-01
7.850947894537488314e-02
5.971094254153127417e-02
9.101415655423155115e-01
9.044375249972620434e-01
9.356898273981607145e-03
7.765877968398914900e-03
6.304654604262596718e-02
9.179462712889145948e-01
9.883957594998673546e-01
9.750233631087841246e-01
4.919595890849851050e-02
9.911053787623832489e-01
9.831295909527425492e-01
9.986670006026563406e-01
9.461172807571684995e-01
9.786838846979362128e-01
